0.000000000000000000e+00 2.300000000000000000e+01 8.845499999999999545e+02 1.000000000000000000e+00 2.000000000000000000e+00
0.000000000000000000e+00 2.700000000000000000e+01 1.323499999999999954e-01 3.000000000000000000e+00 4.000000000000000000e+00
0.000000000000000000e+00 4.000000000000000000e+00 8.193999999999999895e-02 1.300000000000000000e+01 1.400000000000000000e+01
1.000000000000000000e+00 1.000000000000000000e+00 0.000000000000000000e+00 0.000000000000000000e+00 0.000000000000000000e+00
0.000000000000000000e+00 1.000000000000000000e+00 2.029999999999999716e+01 5.000000000000000000e+00 6.000000000000000000e+00
0.000000000000000000e+00 2.700000000000000000e+01 1.786500000000000032e-01 7.000000000000000000e+00 8.000000000000000000e+00
1.000000000000000000e+00 0.000000000000000000e+00 0.000000000000000000e+00 0.000000000000000000e+00 0.000000000000000000e+00
0.000000000000000000e+00 2.000000000000000000e+01 1.564000000000000057e+01 9.000000000000000000e+00 1.000000000000000000e+01
1.000000000000000000e+00 0.000000000000000000e+00 0.000000000000000000e+00 0.000000000000000000e+00 0.000000000000000000e+00
1.000000000000000000e+00 1.000000000000000000e+00 0.000000000000000000e+00 0.000000000000000000e+00 0.000000000000000000e+00
0.000000000000000000e+00 0.000000000000000000e+00 1.419000000000000128e+01 1.100000000000000000e+01 1.200000000000000000e+01
1.000000000000000000e+00 0.000000000000000000e+00 0.000000000000000000e+00 0.000000000000000000e+00 0.000000000000000000e+00
1.000000000000000000e+00 1.000000000000000000e+00 0.000000000000000000e+00 0.000000000000000000e+00 0.000000000000000000e+00
0.000000000000000000e+00 1.000000000000000000e+00 1.715500000000000114e+01 1.500000000000000000e+01 1.600000000000000000e+01
1.000000000000000000e+00 0.000000000000000000e+00 0.000000000000000000e+00 0.000000000000000000e+00 0.000000000000000000e+00
1.000000000000000000e+00 1.000000000000000000e+00 0.000000000000000000e+00 0.000000000000000000e+00 0.000000000000000000e+00
0.000000000000000000e+00 4.000000000000000000e+00 7.470999999999999863e-02 1.700000000000000000e+01 1.800000000000000000e+01
1.000000000000000000e+00 1.000000000000000000e+00 0.000000000000000000e+00 0.000000000000000000e+00 0.000000000000000000e+00
1.000000000000000000e+00 0.000000000000000000e+00 0.000000000000000000e+00 0.000000000000000000e+00 0.000000000000000000e+00
